284 719
590 398
254 95
97 940
475 480
398 26
789 731
752 157
866 307
845 113
385 780
913 910
316 415
696 751
886 298
69 692
330 965
690 235
20 19
506 573
64 687
465 711
970 795
281 161
465 130
591 458
74 650
337 192
532 526
748 790
649 465
726 751
701 296
13 580
944 287
965 103
360 159
279 416
207 262
522 163
484 889
799 376
892 194
415 586
396 680
855 432
976 729
948 480
655 142
546 476
414 161
561 747
67 928
712 973
710 871
816 46
822 970
975 238
619 379
498 387
756 361
903 338
966 32
846 340
736 843
310 623
601 312
914 880
174 933
668 870
471 768
41 850
663 664
654 71
817 576
469 48
739 963
813 825
502 724
62 948
765 642
357 375
458 814
170 34
948 19
81 252
261 506
604 768
470 168
402 558
828 567
744 179
753 785
533 865
246 560
769 77
848 689
770 744
717 151
12 896
938 939
916 919
633 44
442 153
987 584
820 39
776 535
268 544
490 30
44 85
643 703
669 657
369 40
662 398
893 211
650 308
977 351
170 327
923 746
25 511
241 923
535 509
566 73
519 66
921 811
360 772
918 720
998 773
996 658
179 661
282 289
828 272
175 817
871 591
246 385
354 508
540 100
210 622
885 178
505 823
298 144
524 867
77 587
522 667
676 412
496 513
959 85
820 942
927 810
79 478
501 136
961 962
471 937
535 685
199 254
766 48
155 954
611 966
908 682
540 738
638 77
823 590
785 706
431 631
906 706
884 415
364 585
909 850
906 163
236 662
758 112
373 131
308 69
726 324
981 794
879 539
395 335
398 186
397 667
997 808
69 787
407 483
296 721
793 305
994 412
65 176
591 967
929 620
853 226
9 850
645 116
901 782
735 773
491 249
217 886
388 98
652 243
803 421
538 941
737 616
168 225
810 501
510 444
567 218
167 67
626 111
32 246
495 334
734 884
404 384
446 690
1 281
174 170
255 623
112 46
400 227
143 48
287 573
108 571
951 783
909 142
779 328
56 191
86 217
745 70
470 853
68 810
768 294
435 569
978 139
821 245
970 739
912 236
344 981
758 783
278 331
21 904
698 381
410 362
627 612
404 637
52 573
847 386
150 232
515 347
221 675
251 155
165 912
752 47
862 970
615 921
275 33
722 715
646 805
569 577
602 853
627 796
546 119
329 962
140 343
776 320
260 596
766 795
237 657
220 647
751 443
616 234
201 218
516 842
916 791
791 61
29 433
613 668
378 721
840 489
262 35
862 208
405 921
516 593
968 46
155 109
953 958
477 376
846 369
187 459
834 185
112 445
455 0
840 277
6 265
489 323
572 868
697 636
997 324
427 384
671 305
677 411
442 730
698 407
530 127
800 646
755 493
353 765
958 358
70 555
920 294
165 229
655 563
487 140
408 138
209 406
190 816
187 437
223 629
560 793
105 289
702 388
68 873
113 464
149 468
343 339
638 7
539 377
631 992
719 156
40 351
355 307
901 117
367 977
330 182
122 408
956 807
519 578
190 142
774 392
170 448
983 373
714 259
63 341
148 189
161 32
328 606
135 139
712 905
181 730
832 573
228 530
997 791
161 15
573 772
499 804
692 570
595 308
729 562
970 105
387 339
864 19
737 206
603 360
59 31
874 298
827 642
501 845
674 505
819 404
696 892
232 363
920 263
63 699
298 83
273 56
60 786
157 274
765 105
594 835
914 501
972 191
444 884
347 444
965 372
963 354
73 287
698 136
589 114
554 10
66 647
770 989
408 30
652 862
939 918
724 837
776 480
282 824
844 452
952 825
378 970
346 385
246 398
404 598
965 864
517 609
710 733
37 106
207 727
244 754
819 914
390 41
677 288
892 520
220 153
283 892
952 32
3 919
792 322
637 628
845 411
681 771
936 478
432 13
762 689
107 825
995 18
771 533
182 401
174 507
795 453
88 955
259 449
248 286
317 813
468 515
559 811
55 678
485 675
94 725
910 885
696 860
89 812
826 801
383 452
777 919
823 472
899 731
402 268
678 723
457 282
745 952
967 273
933 418
126 773
944 659
18 440
749 547
754 534
297 743
908 230
635 797
590 987
27 343
13 691
170 371
881 793
102 37
460 165
887 984
662 877
684 643
986 634
283 481
675 78
705 660
913 679
960 88
414 432
563 320
257 77
884 280
290 70
949 276
961 10
770 276
924 748
797 909
244 904
599 165
567 995
354 262
85 902
248 646
643 896
382 597
831 943
259 404
414 492
483 582
923 486
720 102
777 804
548 95
753 845